bb:
 position:
  x: -1.20014154911
  y: 0.0020843311213
  z: 0.738911318779
 orientation:
  x: 0.0
  y: 0.0
  z: 0.0162490103394
  w: 0.999867975712
 lwh:
  x: 0.0361812935734
  y: 0.04744371664875
  z: 0.205140852928
gripper:
 position:
  x: -1.0
  y: -0.0171677786857
  z: 0.8528403758999999
