position_x: -0.404932962683
position_y: -0.1046580076184
position_z: 0.0

orientation_x: 0.0
orientation_y: 0.0
orientation_z: 0.0297235289307
orientation_w: 0.999558153931
