position_x: -8.05797171423
position_y: 3.78110180004
position_z: -0.00162227031185

orientation_x: -1.61420395546e-05
orientation_y: -1.27675927447e-05
orientation_z: 0.336026271954
orientation_w: 0.941852612744
