position_x: 2.73663668927
position_y: -1.69874416736
position_z: -0.00163763492837

orientation_x: 3.39634615291e-06
orientation_y: 4.46889337369e-05
orientation_z: 0.864898469438
orientation_w: 0.501946845349
