bb:
 position:
  x: 2.15678739548
  y: -0.652793049812
  z: 0.808481913899
 orientation:
  x: 0.0152804581448
  y: -0.353697836399
  z: 0.929846167564
  w: 0.100253395736
 lwh:
  x: 0.036605538693
  y: 0.118228369764
  z: 0.0658280013102
gripper:
 position:
  x: -0.0438732057012
  y: -0.103087009963
  z: 0.202351587917
