position_x: -9.52292645388
position_y: 12.3770049218
position_z: -0.00163929544324

orientation_x: 4.54507572691e-05
orientation_y: 4.36963215829e-05
orientation_z: -0.697842865867
orientation_w: -0.716250885223
