position_x: 1.55649448052
position_y: -0.702747647905
position_z: -0.00164218164287

orientation_x: 2.60598267821e-05
orientation_y: -4.66280882217e-05
orientation_z: 0.999912889498
orientation_w: 0.0131988849214
