position_x: -11.8754701716
position_y: 8.78929484817
position_z: -0.00163007388442

orientation_x: -5.15883037852e-06
orientation_y: 2.75265272087e-05
orientation_z: -0.6954088596
orientation_w: -0.718614303507
