bb:
 position:
  x: 10.1700429916
  y: -1.05558562279
  z: 0.72585706694950003
 orientation:
  x: 0.00804877281189
  y: 0.345058381557
  z: 0.938545823097
  w: 0.00131086166948
 lwh:
  x: 0.04029584950535
  y: 0.038410162581600002
  z: 0.247478032429
