bb:
 position:
  x: 10.2086277008
  y: -1.01505708694
  z: 0.81496769879194997
 orientation:
  x: -0.00598774570972
  y: -0.425636947155
  z: 0.904839634895
  w: 0.00790760293603
 lwh:
  x: 0.042844517729199998
  y: 0.1280638745015
  z: 0.0705916743681
