bb:
 position:
  x: 2.2244477272
  y: -0.669637978077
  z: 0.807405454015
 orientation:
  x: -0.0418410152197
  y: -0.322441577911
  z: 0.936586499214
  w: 0.13071526587
 lwh:
  x: 0.036605538693
  y: 0.118228369764
  z: 0.0658280013102
gripper:
 position:
  x: -0.0438732057012
  y: -0.103087009963
  z: 0.202351587917
