bb:
 position:
  x: 2.18328881264
  y: -0.50350612402
  z: 0.805832606649
 orientation:
  x: 0.0186336822808
  y: -0.322327882051
  z: 0.941180288792
  w: 0.0996855348349
 lwh:
  x: 0.036605538693
  y: 0.118228369764
  z: 0.0658280013102
