bb:
 position:
  x: 2.21818590164
  y: -0.664108455181
  z: 0.8131685171014
 orientation:
  x: 0.0218460131437
  y: -0.322125822306
  z: 0.940139710903
  w: 0.109064161777
 lwh:
  x: 0.036605538693
  y: 0.118228369764
  z: 0.0585868530492
